max heap 32 24 31 20 21 25 30 16 9 15 17 18 23 27 28
min heap 1 2 4 5 3 7 6 12 8 14 11 10 19 22 13
buffer 29

max heap 43 32 31 24 21 25 30 20 9 15 17 18 23 27 28 29
min heap 1 2 4 5 3 7 6 12 8 14 11 10 19 22 13 16
buffer

max heap 43 32 31 24 21 25 30 20 9 15 17 18 23 27 28 29
min heap 1 2 4 5 3 7 6 12 8 14 11 10 19 22 13 16
buffer 2

min output 1
max heap 43 32 31 24 21 25 30 20 9 15 17 18 23 27 28 29
min heap 2 2 4 5 3 7 6 12 8 14 11 10 19 22 13 16
buffer

min output 2
max heap 43 32 31 24 21 25 30 20 9 15 17 18 23 27 28
min heap 2 3 4 5 11 7 6 12 8 14 16 10 19 22 13
buffer 29

max output 43
max heap 32 29 31 24 21 25 30 20 9 15 17 18 23 27 28
min heap 2 3 4 5 11 7 6 12 8 14 16 10 19 22 13
buffer

max heap 32 29 31 24 21 25 30 20 9 15 17 18 23 27 28
min heap 2 3 4 5 11 7 6 12 8 14 16 10 19 22 13
buffer 22

